Berlin                     1  4 Ber   ( 52.490,  13.360) ( 222, 185) ( 52.469,  13.371)   44.2 meters
 1     0.00    4  222  185     273.15       0.00211       2.63718       1.44184  102055.80469     223.48978       0.00000      -8.99036       0.10180     273.30759     275.76279       0.00000      0.000       0.00000
1     0.25    4  222  185     273.3       0.00211       2.63718       1.44184  102055.80469     223.48978       0.00000      -8.99036       0.10180     273.30759     275.76279       0.00000       0.200       0.00000
1     0.50    4  222  185     273.3       0.00211       2.63718       1.44184  102055.80469     223.48978       0.00000      -8.99036       0.10180     273.30759     275.76279       0.00000       0.300       0.00000
1     0.75    4  222  185     273.45       0.00211       2.63718       1.44184  102055.80469     223.48978       0.00000      -8.99036       0.10180     273.30759     275.76279       0.00000       0.400       0.00000
1     1.00    4  222  185     273.6       0.00211       2.63718       1.44184  102055.80469     223.48978       0.00000      -8.99036       0.10180     273.30759     275.76279       0.00000       0.400       0.00000
1     1.25    4  222  185     273.75       0.00211       2.63718       1.44184  102055.80469     223.48978       0.00000      -8.99036       0.10180     273.30759     275.76279       0.00000       0.400       0.00000
1     1.50    4  222  185     273.75       0.00211       2.63718       1.44184  102055.80469     223.48978       0.00000      -8.99036       0.10180     273.30759     275.76279       0.00000       0.400       0.00000
1     1.75    4  222  185     273.9       0.00211       2.63718       1.44184  102055.80469     223.48978       0.00000      -8.99036       0.10180     273.30759     275.76279       0.00000       0.400       0.00000
1     2.00    4  222  185     274.05       0.00211       2.63718       1.44184  102055.80469     223.48978       0.00000      -8.99036       0.10180     273.30759     275.76279       0.00000       0.500       0.00000
1     2.25    4  222  185     274.05       0.00211       2.63718       1.44184  102055.80469     223.48978       0.00000      -8.99036       0.10180     273.30759     275.76279       0.00000       0.600       0.00000
1     2.50    4  222  185     274.2       0.00211       2.63718       1.44184  102055.80469     223.48978       0.00000      -8.99036       0.10180     273.30759     275.76279       0.00000       0.700       0.00000
1     2.75    4  222  185     274.1       0.00211       2.63718       1.44184  102055.80469     223.48978       0.00000      -8.99036       0.10180     273.30759     275.76279       0.00000       0.800       0.00000
1     3.00    4  222  185     273.95       0.00211       2.63718       1.44184  102055.80469     223.48978       0.00000      -8.99036       0.10180     273.30759     275.76279       0.00000       0.8       0.00000
1     3.25    4  222  185     273.8       0.00211       2.63718       1.44184  102055.80469     223.48978       0.00000      -8.99036       0.10180     273.30759     275.76279       0.00000       0.8       0.00000
1     3.50    4  222  185     273.8       0.00211       2.63718       1.44184  102055.80469     223.48978       0.00000      -8.99036       0.10180     273.30759     275.76279       0.00000       0.8       0.00000
1     3.75    4  222  185     273.65       0.00211       2.63718       1.44184  102055.80469     223.48978       0.00000      -8.99036       0.10180     273.30759     275.76279       0.00000       0.8       0.00000
1     4.00    4  222  185     273.65       0.00211       2.63718       1.44184  102055.80469     223.48978       0.00000      -8.99036       0.10180     273.30759     275.76279       0.00000       1       0.00000
1     4.25    4  222  185     273.5       0.00211       2.63718       1.44184  102055.80469     223.48978       0.00000      -8.99036       0.10180     273.30759     275.76279       0.00000       1.1       0.00000
1     4.50    4  222  185     273.5       0.00211       2.63718       1.44184  102055.80469     223.48978       0.00000      -8.99036       0.10180     273.30759     275.76279       0.00000       1.2       0.00000
1     4.75    4  222  185     273.35       0.00211       2.63718       1.44184  102055.80469     223.48978       0.00000      -8.99036       0.10180     273.30759     275.76279       0.00000       1.3       0.00000
1     5.00    4  222  185     273.35       0.00211       2.63718       1.44184  102055.80469     223.48978       0.00000      -8.99036       0.10180     273.30759     275.76279       0.00000       1.3       0.00000
1     5.25    4  222  185     273.2       0.00211       2.63718       1.44184  102055.80469     223.48978       0.00000      -8.99036       0.10180     273.30759     275.76279       0.00000       1.3       0.00000
1     5.50    4  222  185     273.2       0.00211       2.63718       1.44184  102055.80469     223.48978       0.00000      -8.99036       0.10180     273.30759     275.76279       0.00000       1.3       0.00000
1     5.75    4  222  185     273.35       0.00211       2.63718       1.44184  102055.80469     223.48978       0.00000      -8.99036       0.10180     273.30759     275.76279       0.00000       1.3       0.00000
1     6.00    4  222  185     273.5       0.00211       2.63718       1.44184  102055.80469     223.48978       0.00000      -8.99036       0.10180     273.30759     275.76279       0.00000       1.5       0.00000
